 1(0) 2(1) 3(2) 4(3) 5(4) 6(5) 7(6) 8(7) 9(8) 0(9) .(10) -(11)

{00,00,00,10,1C,10,10,10,10,10,10,10,10,7C,00,00},/*"1",0*/
{00,00,00,3C,42,42,42,40,20,10,08,04,42,7E,00,00},/*"2",1*/
{00,00,00,3C,42,42,40,20,18,20,40,42,42,3C,00,00},/*"3",2*/
{00,00,00,20,30,30,28,24,24,22,FE,20,20,F8,00,00},/*"4",3*/
{00,00,00,7E,02,02,02,1E,22,40,40,42,22,1C,00,00},/*"5",4*/
{00,00,00,18,24,02,02,3A,46,42,42,42,44,38,00,00},/*"6",5*/
{00,00,00,7E,42,20,20,10,10,08,08,08,08,08,00,00},/*"7",6*/
{00,00,00,3C,42,42,42,24,18,24,42,42,42,3C,00,00},/*"8",7*/
{00,00,00,1C,22,42,42,42,62,5C,40,40,24,18,00,00},/*"9",8*/
{00,00,00,18,24,42,42,42,42,42,42,42,24,18,00,00},/*"0",9*/
{00,00,00,00,00,00,00,00,00,00,00,00,06,06,00,00},/*".",10*/
{00,00,00,00,00,00,00,00,7E,00,00,00,00,00,00,00},/*"-",11*/

